50
60
1 2 10
1 3 10
1 4 10
1 5 10
1 6 10
1 7 10
1 8 10
1 9 10
1 10 10
1 11 10
1 12 10
1 13 10
1 14 10
1 15 10
1 16 10
1 17 10
1 18 10
1 19 10
1 20 10
1 21 10
1 22 10
1 23 10
1 24 10
1 25 10
1 26 10
1 27 10
1 28 10
1 29 10
1 30 10
1 31 10
1 32 10
1 33 10
1 34 10
1 35 10
1 36 10
1 37 10
1 38 10
1 39 10
1 40 10
1 41 10
1 42 10
1 43 10
1 44 10
1 45 10
1 46 10
1 47 10
1 48 10
1 49 10
1 50 10
1 51 10
1 52 10
1 53 10
1 54 10
1 55 10
1 56 10
1 57 10
1 58 10
1 59 10
1 60 10
1 61 10
1 62 10
1 63 10
1 64 10
1 65 10
1 66 10
1 67 10
1 68 10
1 69 10
1 70 10
1 71 10
1 72 10
1 73 10
1 74 10
1 75 10
1 76 10
1 77 10
1 78 10
1 79 10
1 80 10
1 81 10
1 82 10
1 83 10
1 84 10
1 85 10
1 86 10
1 87 10
1 88 10
1 89 10
1 90 10
1 91 10
1 92 10
1 93 10
1 94 10
1 95 10
1 96 10
1 97 10
1 98 10
1 99 10
2 3 10
2 4 10
2 5 10
2 6 10
2 7 10
2 8 10
2 9 10
2 10 10
2 11 10
2 12 10
2 13 10
2 14 10
2 15 10
2 16 10
2 17 10
2 18 10
2 19 10
2 20 10
2 21 10
2 22 10
2 23 10
2 24 10
2 25 10
2 26 10
2 27 10
2 28 10
2 29 10
2 30 10
2 31 10
2 32 10
2 33 10
2 34 10
2 35 10
2 36 10
2 37 10
2 38 10
2 39 10
2 40 10
2 41 10
2 42 10
2 43 10
2 44 10
2 45 10
2 46 10
2 47 10
2 48 10
2 49 10
2 50 10
2 51 10
2 52 10
2 53 10
2 54 10
2 55 10
2 56 10
2 57 10
2 58 10
2 59 10
2 60 10
2 61 10
2 62 10
2 63 10
2 64 10
2 65 10
2 66 10
2 67 10
2 68 10
2 69 10
2 70 10
2 71 10
2 72 10
2 73 10
2 74 10
2 75 10
2 76 10
2 77 10
2 78 10
2 79 10
2 80 10
2 81 10
2 82 10
2 83 10
2 84 10
2 85 10
2 86 10
2 87 10
2 88 10
2 89 10
2 90 10
2 91 10
2 92 10
2 93 10
2 94 10
2 95 10
2 96 10
2 97 10
2 98 10
2 99 10
3 4 10
3 5 10
3 6 10
3 7 10
3 8 10
3 9 10
3 10 10
3 11 10
3 12 10
3 13 10
3 14 10
3 15 10
3 16 10
3 17 10
3 18 10
3 19 10
3 20 10
3 21 10
3 22 10
3 23 10
3 24 10
3 25 10
3 26 10
3 27 10
3 28 10
3 29 10
3 30 10
3 31 10
3 32 10
3 33 10
3 34 10
3 35 10
3 36 10
3 37 10
3 38 10
3 39 10
3 40 10
3 41 10
3 42 10
3 43 10
3 44 10
3 45 10
3 46 10
3 47 10
3 48 10
3 49 10
3 50 10
3 51 10
3 52 10
3 53 10
3 54 10
3 55 10
3 56 10
3 57 10
3 58 10
3 59 10
3 60 10
3 61 10
3 62 10
3 63 10
3 64 10
3 65 10
3 66 10
3 67 10
3 68 10
3 69 10
3 70 10
3 71 10
3 72 10
3 73 10
3 74 10
3 75 10
3 76 10
3 77 10
3 78 10
3 79 10
3 80 10
3 81 10
3 82 10
3 83 10
3 84 10
3 85 10
3 86 10
3 87 10
3 88 10
3 89 10
3 90 10
3 91 10
3 92 10
3 93 10
3 94 10
3 95 10
3 96 10
3 97 10
3 98 10
3 99 10
4 5 10
4 6 10
4 7 10
4 8 10
4 9 10
4 10 10
4 11 10
4 12 10
4 13 10
4 14 10
4 15 10
4 16 10
4 17 10
4 18 10
4 19 10
4 20 10
4 21 10
4 22 10
4 23 10
4 24 10
4 25 10
4 26 10
4 27 10
4 28 10
4 29 10
4 30 10
4 31 10
4 32 10
4 33 10
4 34 10
4 35 10
4 36 10
4 37 10
4 38 10
4 39 10
4 40 10
4 41 10
4 42 10
4 43 10
4 44 10
4 45 10
4 46 10
4 47 10
4 48 10
4 49 10
4 50 10
4 51 10
4 52 10
4 53 10
4 54 10
4 55 10
4 56 10
4 57 10
4 58 10
4 59 10
4 60 10
4 61 10
4 62 10
4 63 10
4 64 10
4 65 10
4 66 10
4 67 10
4 68 10
4 69 10
4 70 10
4 71 10
4 72 10
4 73 10
4 74 10
4 75 10
4 76 10
4 77 10
4 78 10
4 79 10
4 80 10
4 81 10
4 82 10
4 83 10
4 84 10
4 85 10
4 86 10
4 87 10
4 88 10
4 89 10
4 90 10
4 91 10
4 92 10
4 93 10
4 94 10
4 95 10
4 96 10
4 97 10
4 98 10
4 99 10
5 6 10
5 7 10
5 8 10
5 9 10
5 10 10
5 11 10
5 12 10
5 13 10
5 14 10
5 15 10
5 16 10
5 17 10
5 18 10
5 19 10
5 20 10
5 21 10
5 22 10
5 23 10
5 24 10
5 25 10
5 26 10
5 27 10
5 28 10
5 29 10
5 30 10
5 31 10
5 32 10
5 33 10
5 34 10
5 35 10
5 36 10
5 37 10
5 38 10
5 39 10
5 40 10
5 41 10
5 42 10
5 43 10
5 44 10
5 45 10
5 46 10
5 47 10
5 48 10
5 49 10
5 50 10
5 51 10
5 52 10
5 53 10
5 54 10
5 55 10
5 56 10
5 57 10
5 58 10
5 59 10
5 60 10
5 61 10
5 62 10
5 63 10
5 64 10
5 65 10
5 66 10
5 67 10
5 68 10
5 69 10
5 70 10
5 71 10
5 72 10
5 73 10
5 74 10
5 75 10
5 76 10
5 77 10
5 78 10
5 79 10
5 80 10
5 81 10
5 82 10
5 83 10
5 84 10
5 85 10
5 86 10
5 87 10
5 88 10
5 89 10
5 90 10
5 91 10
5 92 10
5 93 10
5 94 10
5 95 10
5 96 10
5 97 10
5 98 10
5 99 10
6 7 10
6 8 10
6 9 10
6 10 10
6 11 10
6 12 10
6 13 10
6 14 10
6 15 10
6 16 10
6 17 10
6 18 10
6 19 10
6 20 10
6 21 10
6 22 10
6 23 10
6 24 10
6 25 10
6 26 10
6 27 10
6 28 10
6 29 10
6 30 10
6 31 10
6 32 10
6 33 10
6 34 10
6 35 10
6 36 10
6 37 10
6 38 10
6 39 10
6 40 10
6 41 10
6 42 10
6 43 10
6 44 10
6 45 10
6 46 10
6 47 10
6 48 10
6 49 10
6 50 10
6 51 10
6 52 10
6 53 10
6 54 10
6 55 10
6 56 10
6 57 10
6 58 10
6 59 10
6 60 10
6 61 10
6 62 10
6 63 10
6 64 10
6 65 10
6 66 10
6 67 10
6 68 10
6 69 10
6 70 10
6 71 10
6 72 10
6 73 10
6 74 10
6 75 10
6 76 10
6 77 10
6 78 10
6 79 10
6 80 10
6 81 10
6 82 10
6 83 10
6 84 10
6 85 10
6 86 10
6 87 10
6 88 10
6 89 10
6 90 10
6 91 10
6 92 10
6 93 10
6 94 10
6 95 10
6 96 10
6 97 10
6 98 10
6 99 10
7 8 10
7 9 10
7 10 10
7 11 10
7 12 10
7 13 10
7 14 10
7 15 10
7 16 10
7 17 10
7 18 10
7 19 10
7 20 10
7 21 10
7 22 10
7 23 10
7 24 10
7 25 10
7 26 10
7 27 10
7 28 10
7 29 10
7 30 10
7 31 10
7 32 10
7 33 10
7 34 10
7 35 10
7 36 10
7 37 10
7 38 10
7 39 10
7 40 10
7 41 10
7 42 10
7 43 10
7 44 10
7 45 10
7 46 10
7 47 10
7 48 10
7 49 10
7 50 10
7 51 10
7 52 10
7 53 10
7 54 10
7 55 10
7 56 10
7 57 10
7 58 10
7 59 10
7 60 10
7 61 10
7 62 10
7 63 10
7 64 10
7 65 10
7 66 10
7 67 10
7 68 10
7 69 10
7 70 10
7 71 10
7 72 10
7 73 10
7 74 10
7 75 10
7 76 10
7 77 10
7 78 10
7 79 10
7 80 10
7 81 10
7 82 10
7 83 10
7 84 10
7 85 10
7 86 10
7 87 10
7 88 10
7 89 10
7 90 10
7 91 10
7 92 10
7 93 10
7 94 10
7 95 10
7 96 10
7 97 10
7 98 10
7 99 10
8 9 10
8 10 10
8 11 10
8 12 10
8 13 10
8 14 10
8 15 10
8 16 10
8 17 10
8 18 10
8 19 10
8 20 10
8 21 10
8 22 10
8 23 10
8 24 10
8 25 10
8 26 10
8 27 10
8 28 10
8 29 10
8 30 10
8 31 10
8 32 10
8 33 10
8 34 10
8 35 10
8 36 10
8 37 10
8 38 10
8 39 10
8 40 10
8 41 10
8 42 10
8 43 10
8 44 10
8 45 10
8 46 10
8 47 10
8 48 10
8 49 10
8 50 10
8 51 10
8 52 10
8 53 10
8 54 10
8 55 10
8 56 10
8 57 10
8 58 10
8 59 10
8 60 10
8 61 10
8 62 10
8 63 10
8 64 10
8 65 10
8 66 10
8 67 10
8 68 10
8 69 10
8 70 10
8 71 10
8 72 10
8 73 10
8 74 10
8 75 10
8 76 10
8 77 10
8 78 10
8 79 10
8 80 10
8 81 10
8 82 10
8 83 10
8 84 10
8 85 10
8 86 10
8 87 10
8 88 10
8 89 10
8 90 10
8 91 10
8 92 10
8 93 10
8 94 10
8 95 10
8 96 10
8 97 10
8 98 10
8 99 10
9 10 10
9 11 10
9 12 10
9 13 10
9 14 10
9 15 10
9 16 10
9 17 10
9 18 10
9 19 10
9 20 10
9 21 10
9 22 10
9 23 10
9 24 10
9 25 10
9 26 10
9 27 10
9 28 10
9 29 10
9 30 10
9 31 10
9 32 10
9 33 10
9 34 10
9 35 10
9 36 10
9 37 10
9 38 10
9 39 10
9 40 10
9 41 10
9 42 10
9 43 10
9 44 10
9 45 10
9 46 10
9 47 10
9 48 10
9 49 10
9 50 10
9 51 10
9 52 10
9 53 10
9 54 10
9 55 10
9 56 10
9 57 10
9 58 10
9 59 10
9 60 10
9 61 10
9 62 10
9 63 10
9 64 10
9 65 10
9 66 10
9 67 10
9 68 10
9 69 10
9 70 10
9 71 10
9 72 10
9 73 10
9 74 10
9 75 10
9 76 10
9 77 10
9 78 10
9 79 10
9 80 10
9 81 10
9 82 10
9 83 10
9 84 10
9 85 10
9 86 10
9 87 10
9 88 10
9 89 10
9 90 10
9 91 10
9 92 10
9 93 10
9 94 10
9 95 10
9 96 10
9 97 10
9 98 10
9 99 10
10 11 10
10 12 10
10 13 10
10 14 10
10 15 10
10 16 10
10 17 10
10 18 10
10 19 10
10 20 10
10 21 10
10 22 10
10 23 10
10 24 10
10 25 10
10 26 10
10 27 10
10 28 10
10 29 10
10 30 10
10 31 10
10 32 10
10 33 10
10 34 10
10 35 10
10 36 10
10 37 10
10 38 10
10 39 10
10 40 10
10 41 10
10 42 10
10 43 10
10 44 10
10 45 10
10 46 10
10 47 10
10 48 10
10 49 10
10 50 10
10 51 10
10 52 10
10 53 10
10 54 10
10 55 10
10 56 10
10 57 10
10 58 10
10 59 10
10 60 10
10 61 10
10 62 10
10 63 10
10 64 10
10 65 10
10 66 10
10 67 10
10 68 10
10 69 10
10 70 10
10 71 10
10 72 10
10 73 10
10 74 10
10 75 10
10 76 10
10 77 10
10 78 10
10 79 10
10 80 10
10 81 10
10 82 10
10 83 10
10 84 10
10 85 10
10 86 10
10 87 10
10 88 10
10 89 10
10 90 10
10 91 10
10 92 10
10 93 10
10 94 10
10 95 10
10 96 10
10 97 10
10 98 10
10 99 10
11 12 10
11 13 10
11 14 10
11 15 10
11 16 10
11 17 10
11 18 10
11 19 10
11 20 10
11 21 10
11 22 10
11 23 10
11 24 10
11 25 10
11 26 10
11 27 10
11 28 10
11 29 10
11 30 10
11 31 10
11 32 10
11 33 10
11 34 10
11 35 10
11 36 10
11 37 10
11 38 10
11 39 10
11 40 10
11 41 10
11 42 10
11 43 10
11 44 10
11 45 10
11 46 10
11 47 10
11 48 10
11 49 10
11 50 10
11 51 10
11 52 10
11 53 10
11 54 10
11 55 10
11 56 10
11 57 10
11 58 10
11 59 10
11 60 10
11 61 10
11 62 10
11 63 10
11 64 10
11 65 10
11 66 10
11 67 10
11 68 10
11 69 10
11 70 10
11 71 10
11 72 10
11 73 10
11 74 10
11 75 10
11 76 10
11 77 10
11 78 10
11 79 10
11 80 10
11 81 10
11 82 10
11 83 10
11 84 10
11 85 10
11 86 10
11 87 10
11 88 10
11 89 10
11 90 10
11 91 10
11 92 10
11 93 10
11 94 10
11 95 10
11 96 10
11 97 10
11 98 10
11 99 10
12 13 10
12 14 10
12 15 10
12 16 10
12 17 10
12 18 10
12 19 10
12 20 10
12 21 10
12 22 10
12 23 10
12 24 10
12 25 10
12 26 10
12 27 10
12 28 10
12 29 10
12 30 10
12 31 10
12 32 10
12 33 10
12 34 10
12 35 10
12 36 10
12 37 10
12 38 10
12 39 10
12 40 10
12 41 10
12 42 10
12 43 10
12 44 10
12 45 10
12 46 10
12 47 10
12 48 10
12 49 10
12 50 10
12 51 10
12 52 10
12 53 10
12 54 10
12 55 10
12 56 10
12 57 10
12 58 10
12 59 10
12 60 10
12 61 10
12 62 10
12 63 10
12 64 10
12 65 10
12 66 10
12 67 10
12 68 10
12 69 10
12 70 10
12 71 10
12 72 10
12 73 10
12 74 10
12 75 10
12 76 10
12 77 10
12 78 10
12 79 10
12 80 10
12 81 10
12 82 10
12 83 10
12 84 10
12 85 10
12 86 10
12 87 10
12 88 10
12 89 10
12 90 10
12 91 10
12 92 10
12 93 10
12 94 10
12 95 10
12 96 10
12 97 10
12 98 10
12 99 10
13 14 10
13 15 10
13 16 10
13 17 10
13 18 10
13 19 10
13 20 10
13 21 10
13 22 10
13 23 10
13 24 10
13 25 10
13 26 10
13 27 10
13 28 10
13 29 10
13 30 10
13 31 10
13 32 10
13 33 10
13 34 10
13 35 10
13 36 10
13 37 10
13 38 10
13 39 10
13 40 10
13 41 10
13 42 10
13 43 10
13 44 10
13 45 10
13 46 10
13 47 10
13 48 10
13 49 10
13 50 10
13 51 10
13 52 10
13 53 10
13 54 10
13 55 10
13 56 10
13 57 10
13 58 10
13 59 10
13 60 10
13 61 10
13 62 10
13 63 10
13 64 10
13 65 10
13 66 10
13 67 10
13 68 10
13 69 10
13 70 10
13 71 10
13 72 10
13 73 10
13 74 10
13 75 10
13 76 10
13 77 10
13 78 10
13 79 10
13 80 10
13 81 10
13 82 10
13 83 10
13 84 10
13 85 10
13 86 10
13 87 10
13 88 10
13 89 10
13 90 10
13 91 10
13 92 10
13 93 10
13 94 10
13 95 10
13 96 10
13 97 10
13 98 10
13 99 10
14 15 10
14 16 10
14 17 10
14 18 10
14 19 10
14 20 10
14 21 10
14 22 10
14 23 10
14 24 10
14 25 10
14 26 10
14 27 10
14 28 10
14 29 10
14 30 10
14 31 10
14 32 10
14 33 10
14 34 10
14 35 10
14 36 10
14 37 10
14 38 10
14 39 10
14 40 10
14 41 10
14 42 10
14 43 10
14 44 10
14 45 10
14 46 10
14 47 10
14 48 10
14 49 10
14 50 10
14 51 10
14 52 10
14 53 10
14 54 10
14 55 10
14 56 10
14 57 10
14 58 10
14 59 10
14 60 10
14 61 10
14 62 10
14 63 10
14 64 10
14 65 10
14 66 10
14 67 10
14 68 10
14 69 10
14 70 10
14 71 10
14 72 10
14 73 10
14 74 10
14 75 10
14 76 10
14 77 10
14 78 10
14 79 10
14 80 10
14 81 10
14 82 10
14 83 10
14 84 10
14 85 10
14 86 10
14 87 10
14 88 10
14 89 10
14 90 10
14 91 10
14 92 10
14 93 10
14 94 10
14 95 10
14 96 10
14 97 10
14 98 10
14 99 10
15 16 10
15 17 10
15 18 10
15 19 10
15 20 10
15 21 10
15 22 10
15 23 10
15 24 10
15 25 10
15 26 10
15 27 10
15 28 10
15 29 10
15 30 10
15 31 10
15 32 10
15 33 10
15 34 10
15 35 10
15 36 10
15 37 10
15 38 10
15 39 10
15 40 10
15 41 10
15 42 10
15 43 10
15 44 10
15 45 10
15 46 10
15 47 10
15 48 10
15 49 10
15 50 10
15 51 10
15 52 10
15 53 10
15 54 10
15 55 10
15 56 10
15 57 10
15 58 10
15 59 10
15 60 10
15 61 10
15 62 10
15 63 10
15 64 10
15 65 10
15 66 10
15 67 10
15 68 10
15 69 10
15 70 10
15 71 10
15 72 10
15 73 10
15 74 10
15 75 10
15 76 10
15 77 10
15 78 10
15 79 10
15 80 10
15 81 10
15 82 10
15 83 10
15 84 10
15 85 10
15 86 10
15 87 10
15 88 10
15 89 10
15 90 10
15 91 10
15 92 10
15 93 10
15 94 10
15 95 10
15 96 10
15 97 10
15 98 10
15 99 10
16 17 10
16 18 10
16 19 10
16 20 10
16 21 10
16 22 10
16 23 10
16 24 10
16 25 10
16 26 10
16 27 10
16 28 10
16 29 10
16 30 10
16 31 10
16 32 10
16 33 10
16 34 10
16 35 10
16 36 10
16 37 10
16 38 10
16 39 10
16 40 10
16 41 10
16 42 10
16 43 10
16 44 10
16 45 10
16 46 10
16 47 10
16 48 10
16 49 10
16 50 10
16 51 10
16 52 10
16 53 10
16 54 10
16 55 10
16 56 10
16 57 10
16 58 10
16 59 10
16 60 10
16 61 10
16 62 10
16 63 10
16 64 10
16 65 10
16 66 10
16 67 10
16 68 10
16 69 10
16 70 10
16 71 10
16 72 10
16 73 10
16 74 10
16 75 10
16 76 10
16 77 10
16 78 10
16 79 10
16 80 10
16 81 10
16 82 10
16 83 10
16 84 10
16 85 10
16 86 10
16 87 10
16 88 10
16 89 10
16 90 10
16 91 10
16 92 10
16 93 10
16 94 10
16 95 10
16 96 10
16 97 10
16 98 10
16 99 10
17 18 10
17 19 10
17 20 10
17 21 10
17 22 10
17 23 10
17 24 10
17 25 10
17 26 10
17 27 10
17 28 10
17 29 10
17 30 10
17 31 10
17 32 10
17 33 10
17 34 10
17 35 10
17 36 10
17 37 10
17 38 10
17 39 10
17 40 10
17 41 10
17 42 10
17 43 10
17 44 10
17 45 10
17 46 10
17 47 10
17 48 10
17 49 10
17 50 10
17 51 10
17 52 10
17 53 10
17 54 10
17 55 10
17 56 10
17 57 10
17 58 10
17 59 10
17 60 10
17 61 10
17 62 10
17 63 10
17 64 10
17 65 10
17 66 10
17 67 10
17 68 10
17 69 10
17 70 10
17 71 10
17 72 10
17 73 10
17 74 10
17 75 10
17 76 10
17 77 10
17 78 10
17 79 10
17 80 10
17 81 10
17 82 10
17 83 10
17 84 10
17 85 10
17 86 10
17 87 10
17 88 10
17 89 10
17 90 10
17 91 10
17 92 10
17 93 10
17 94 10
17 95 10
17 96 10
17 97 10
17 98 10
17 99 10
18 19 10
18 20 10
18 21 10
18 22 10
18 23 10
18 24 10
18 25 10
18 26 10
18 27 10
18 28 10
18 29 10
18 30 10
18 31 10
18 32 10
18 33 10
18 34 10
18 35 10
18 36 10
18 37 10
18 38 10
18 39 10
18 40 10
18 41 10
18 42 10
18 43 10
18 44 10
18 45 10
18 46 10
18 47 10
18 48 10
18 49 10
18 50 10
18 51 10
18 52 10
18 53 10
18 54 10
18 55 10
18 56 10
18 57 10
18 58 10
18 59 10
18 60 10
18 61 10
18 62 10
18 63 10
18 64 10
18 65 10
18 66 10
18 67 10
18 68 10
18 69 10
18 70 10
18 71 10
18 72 10
18 73 10
18 74 10
18 75 10
18 76 10
18 77 10
18 78 10
18 79 10
18 80 10
18 81 10
18 82 10
18 83 10
18 84 10
18 85 10
18 86 10
18 87 10
18 88 10
18 89 10
18 90 10
18 91 10
18 92 10
18 93 10
18 94 10
18 95 10
18 96 10
18 97 10
18 98 10
18 99 10
19 20 10
19 21 10
19 22 10
19 23 10
19 24 10
19 25 10
19 26 10
19 27 10
19 28 10
19 29 10
19 30 10
19 31 10
19 32 10
19 33 10
19 34 10
19 35 10
19 36 10
19 37 10
19 38 10
19 39 10
19 40 10
19 41 10
19 42 10
19 43 10
19 44 10
19 45 10
19 46 10
19 47 10
19 48 10
19 49 10
19 50 10
19 51 10
19 52 10
19 53 10
19 54 10
19 55 10
19 56 10
19 57 10
19 58 10
19 59 10
19 60 10
19 61 10
19 62 10
19 63 10
19 64 10
19 65 10
19 66 10
19 67 10
19 68 10
19 69 10
19 70 10
19 71 10
19 72 10
19 73 10
19 74 10
19 75 10
19 76 10
19 77 10
19 78 10
19 79 10
19 80 10
19 81 10
19 82 10
19 83 10
19 84 10
19 85 10
19 86 10
19 87 10
19 88 10
19 89 10
19 90 10
19 91 10
19 92 10
19 93 10
19 94 10
19 95 10
19 96 10
19 97 10
19 98 10
19 99 10
20 21 10
20 22 10
20 23 10
20 24 10
20 25 10
20 26 10
20 27 10
20 28 10
20 29 10
20 30 10
20 31 10
20 32 10
20 33 10
20 34 10
20 35 10
20 36 10
20 37 10
20 38 10
20 39 10
20 40 10
20 41 10
20 42 10
20 43 10
20 44 10
20 45 10
20 46 10
20 47 10
20 48 10
20 49 10
20 50 10
20 51 10
20 52 10
20 53 10
20 54 10
20 55 10
20 56 10
20 57 10
20 58 10
20 59 10
20 60 10
20 61 10
20 62 10
20 63 10
20 64 10
20 65 10
20 66 10
20 67 10
20 68 10
20 69 10
20 70 10
20 71 10
20 72 10
20 73 10
20 74 10
20 75 10
20 76 10
20 77 10
20 78 10
20 79 10
20 80 10
20 81 10
20 82 10
20 83 10
20 84 10
20 85 10
20 86 10
20 87 10
20 88 10
20 89 10
20 90 10
20 91 10
20 92 10
20 93 10
20 94 10
20 95 10
20 96 10
20 97 10
20 98 10
20 99 10
21 22 10
21 23 10
21 24 10
21 25 10
21 26 10
21 27 10
21 28 10
21 29 10
21 30 10
21 31 10
21 32 10
21 33 10
21 34 10
21 35 10
21 36 10
21 37 10
21 38 10
21 39 10
21 40 10
21 41 10
21 42 10
21 43 10
21 44 10
21 45 10
21 46 10
21 47 10
21 48 10
21 49 10
21 50 10
21 51 10
21 52 10
21 53 10
21 54 10
21 55 10
21 56 10
21 57 10
21 58 10
21 59 10
21 60 10
21 61 10
21 62 10
21 63 10
21 64 10
21 65 10
21 66 10
21 67 10
21 68 10
21 69 10
21 70 10
21 71 10
21 72 10
21 73 10
21 74 10
21 75 10
21 76 10
21 77 10
21 78 10
21 79 10
21 80 10
21 81 10
21 82 10
21 83 10
21 84 10
21 85 10
21 86 10
21 87 10
21 88 10
21 89 10
21 90 10
21 91 10
21 92 10
21 93 10
21 94 10
21 95 10
21 96 10
21 97 10
21 98 10
21 99 10
22 23 10
22 24 10
22 25 10
22 26 10
22 27 10
22 28 10
22 29 10
22 30 10
22 31 10
22 32 10
22 33 10
22 34 10
22 35 10
22 36 10
22 37 10
22 38 10
22 39 10
22 40 10
22 41 10
22 42 10
22 43 10
22 44 10
22 45 10
22 46 10
22 47 10
22 48 10
22 49 10
22 50 10
22 51 10
22 52 10
22 53 10
22 54 10
22 55 10
22 56 10
22 57 10
22 58 10
22 59 10
22 60 10
22 61 10
22 62 10
22 63 10
22 64 10
22 65 10
22 66 10
22 67 10
22 68 10
22 69 10
22 70 10
22 71 10
22 72 10
22 73 10
22 74 10
22 75 10
22 76 10
22 77 10
22 78 10
22 79 10
22 80 10
22 81 10
22 82 10
22 83 10
22 84 10
22 85 10
22 86 10
22 87 10
22 88 10
22 89 10
22 90 10
22 91 10
22 92 10
22 93 10
22 94 10
22 95 10
22 96 10
22 97 10
22 98 10
22 99 10
23 24 10
23 25 10
23 26 10
23 27 10
23 28 10
23 29 10
23 30 10
23 31 10
23 32 10
23 33 10
23 34 10
23 35 10
23 36 10
23 37 10
23 38 10
23 39 10
23 40 10
23 41 10
23 42 10
23 43 10
23 44 10
23 45 10
23 46 10
23 47 10
23 48 10
23 49 10
23 50 10
23 51 10
23 52 10
23 53 10
23 54 10
23 55 10
23 56 10
23 57 10
23 58 10
23 59 10
23 60 10
23 61 10
23 62 10
23 63 10
23 64 10
23 65 10
23 66 10
23 67 10
23 68 10
23 69 10
23 70 10
23 71 10
23 72 10
23 73 10
23 74 10
23 75 10
23 76 10
23 77 10
23 78 10
23 79 10
23 80 10
23 81 10
23 82 10
23 83 10
23 84 10
23 85 10
23 86 10
23 87 10
23 88 10
23 89 10
23 90 10
23 91 10
23 92 10
23 93 10
23 94 10
23 95 10
23 96 10
23 97 10
23 98 10
23 99 10
24 25 10
24 26 10
24 27 10
24 28 10
24 29 10
24 30 10
24 31 10
24 32 10
24 33 10
24 34 10
24 35 10
24 36 10
24 37 10
24 38 10
24 39 10
24 40 10
24 41 10
24 42 10
24 43 10
24 44 10
24 45 10
24 46 10
24 47 10
24 48 10
24 49 10
24 50 10
24 51 10
24 52 10
24 53 10
24 54 10
24 55 10
24 56 10
24 57 10
24 58 10
24 59 10
24 60 10
24 61 10
24 62 10
24 63 10
24 64 10
24 65 10
24 66 10
24 67 10
24 68 10
24 69 10
24 70 10
24 71 10
24 72 10
24 73 10
24 74 10
24 75 10
24 76 10
24 77 10
24 78 10
24 79 10
24 80 10
24 81 10
24 82 10
24 83 10
24 84 10
24 85 10
24 86 10
24 87 10
24 88 10
24 89 10
24 90 10
24 91 10
24 92 10
24 93 10
24 94 10
24 95 10
24 96 10
24 97 10
24 98 10
24 99 10
25 26 10
25 27 10
25 28 10
25 29 10
25 30 10
25 31 10
25 32 10
25 33 10
25 34 10
25 35 10
25 36 10
25 37 10
25 38 10
25 39 10
25 40 10
25 41 10
25 42 10
25 43 10
25 44 10
25 45 10
25 46 10
25 47 10
25 48 10
25 49 10
25 50 10
25 51 10
25 52 10
25 53 10
25 54 10
25 55 10
25 56 10
25 57 10
25 58 10
25 59 10
25 60 10
25 61 10
25 62 10
25 63 10
25 64 10
25 65 10
25 66 10
25 67 10
25 68 10
25 69 10
25 70 10
25 71 10
25 72 10
25 73 10
25 74 10
25 75 10
25 76 10
25 77 10
25 78 10
25 79 10
25 80 10
25 81 10
25 82 10
25 83 10
25 84 10
25 85 10
25 86 10
25 87 10
25 88 10
25 89 10
25 90 10
25 91 10
25 92 10
25 93 10
25 94 10
25 95 10
25 96 10
25 97 10
25 98 10
25 99 10
26 27 10
26 28 10
26 29 10
26 30 10
26 31 10
26 32 10
26 33 10
26 34 10
26 35 10
26 36 10
26 37 10
26 38 10
26 39 10
26 40 10
26 41 10
26 42 10
26 43 10
26 44 10
26 45 10
26 46 10
26 47 10
26 48 10
26 49 10
26 50 10
26 51 10
26 52 10
26 53 10
26 54 10
26 55 10
26 56 10
26 57 10
26 58 10
26 59 10
26 60 10
26 61 10
26 62 10
26 63 10
26 64 10
26 65 10
26 66 10
26 67 10
26 68 10
26 69 10
26 70 10
26 71 10
26 72 10
26 73 10
26 74 10
26 75 10
26 76 10
26 77 10
26 78 10
26 79 10
26 80 10
26 81 10
26 82 10
26 83 10
26 84 10
26 85 10
26 86 10
26 87 10
26 88 10
26 89 10
26 90 10
26 91 10
26 92 10
26 93 10
26 94 10
26 95 10
26 96 10
26 97 10
26 98 10
26 99 10
27 28 10
27 29 10
27 30 10
27 31 10
27 32 10
27 33 10
27 34 10
27 35 10
27 36 10
27 37 10
27 38 10
27 39 10
27 40 10
27 41 10
27 42 10
27 43 10
27 44 10
27 45 10
27 46 10
27 47 10
27 48 10
27 49 10
27 50 10
27 51 10
27 52 10
27 53 10
27 54 10
27 55 10
27 56 10
27 57 10
27 58 10
27 59 10
27 60 10
27 61 10
27 62 10
27 63 10
27 64 10
27 65 10
27 66 10
27 67 10
27 68 10
27 69 10
27 70 10
27 71 10
27 72 10
27 73 10
27 74 10
27 75 10
27 76 10
27 77 10
27 78 10
27 79 10
27 80 10
27 81 10
27 82 10
27 83 10
27 84 10
27 85 10
27 86 10
27 87 10
27 88 10
27 89 10
27 90 10
27 91 10
27 92 10
27 93 10
27 94 10
27 95 10
27 96 10
27 97 10
27 98 10
27 99 10
28 29 10
28 30 10
28 31 10
28 32 10
28 33 10
28 34 10
28 35 10
28 36 10
28 37 10
28 38 10
28 39 10
28 40 10
28 41 10
28 42 10
28 43 10
28 44 10
28 45 10
28 46 10
28 47 10
28 48 10
28 49 10
28 50 10
28 51 10
28 52 10
28 53 10
28 54 10
28 55 10
28 56 10
28 57 10
28 58 10
28 59 10
28 60 10
28 61 10
28 62 10
28 63 10
28 64 10
28 65 10
28 66 10
28 67 10
28 68 10
28 69 10
28 70 10
28 71 10
28 72 10
28 73 10
28 74 10
28 75 10
28 76 10
28 77 10
28 78 10
28 79 10
28 80 10
28 81 10
28 82 10
28 83 10
28 84 10
28 85 10
28 86 10
28 87 10
28 88 10
28 89 10
28 90 10
28 91 10
28 92 10
28 93 10
28 94 10
28 95 10
28 96 10
28 97 10
28 98 10
28 99 10
29 30 10
29 31 10
29 32 10
29 33 10
29 34 10
29 35 10
29 36 10
29 37 10
29 38 10
29 39 10
29 40 10
29 41 10
29 42 10
29 43 10
29 44 10
29 45 10
29 46 10
29 47 10
29 48 10
29 49 10
29 50 10
29 51 10
29 52 10
29 53 10
29 54 10
29 55 10
29 56 10
29 57 10
29 58 10
29 59 10
29 60 10
29 61 10
29 62 10
29 63 10
29 64 10
29 65 10
29 66 10
29 67 10
29 68 10
29 69 10
29 70 10
29 71 10
29 72 10
29 73 10
29 74 10
29 75 10
29 76 10
29 77 10
29 78 10
29 79 10
29 80 10
29 81 10
29 82 10
29 83 10
29 84 10
29 85 10
29 86 10
29 87 10
29 88 10
29 89 10
29 90 10
29 91 10
29 92 10
29 93 10
29 94 10
29 95 10
29 96 10
29 97 10
29 98 10
29 99 10
30 31 10
30 32 10
30 33 10
30 34 10
30 35 10
30 36 10
30 37 10
30 38 10
30 39 10
30 40 10
30 41 10
30 42 10
30 43 10
30 44 10
30 45 10
30 46 10
30 47 10
30 48 10
30 49 10
30 50 10
30 51 10
30 52 10
30 53 10
30 54 10
30 55 10
30 56 10
30 57 10
30 58 10
30 59 10
30 60 10
30 61 10
30 62 10
30 63 10
30 64 10
30 65 10
30 66 10
30 67 10
30 68 10
30 69 10
30 70 10
30 71 10
30 72 10
30 73 10
30 74 10
30 75 10
30 76 10
30 77 10
30 78 10
30 79 10
30 80 10
30 81 10
30 82 10
30 83 10
30 84 10
30 85 10
30 86 10
30 87 10
30 88 10
30 89 10
30 90 10
30 91 10
30 92 10
30 93 10
30 94 10
30 95 10
30 96 10
30 97 10
30 98 10
30 99 10
31 32 10
31 33 10
31 34 10
31 35 10
31 36 10
31 37 10
31 38 10
31 39 10
31 40 10
31 41 10
31 42 10
31 43 10
31 44 10
31 45 10
31 46 10
31 47 10
31 48 10
31 49 10
31 50 10
31 51 10
31 52 10
31 53 10
31 54 10
31 55 10
31 56 10
31 57 10
31 58 10
31 59 10
31 60 10
31 61 10
31 62 10
31 63 10
31 64 10
31 65 10
31 66 10
31 67 10
31 68 10
31 69 10
31 70 10
31 71 10
31 72 10
31 73 10
31 74 10
31 75 10
31 76 10
31 77 10
31 78 10
31 79 10
31 80 10
31 81 10
31 82 10
31 83 10
31 84 10
31 85 10
31 86 10
31 87 10
31 88 10
31 89 10
31 90 10
31 91 10
31 92 10
31 93 10
31 94 10
31 95 10
31 96 10
31 97 10
31 98 10
31 99 10
32 33 10
32 34 10
32 35 10
32 36 10
32 37 10
32 38 10
32 39 10
32 40 10
32 41 10
32 42 10
32 43 10
32 44 10
32 45 10
32 46 10
32 47 10
32 48 10
32 49 10
32 50 10
32 51 10
32 52 10
32 53 10
32 54 10
32 55 10
32 56 10
32 57 10
32 58 10
32 59 10
32 60 10
32 61 10
32 62 10
32 63 10
32 64 10
32 65 10
32 66 10
32 67 10
32 68 10
32 69 10
32 70 10
32 71 10
32 72 10
32 73 10
32 74 10
32 75 10
32 76 10
32 77 10
32 78 10
32 79 10
32 80 10
32 81 10
32 82 10
32 83 10
32 84 10
32 85 10
32 86 10
32 87 10
32 88 10
32 89 10
32 90 10
32 91 10
32 92 10
32 93 10
32 94 10
32 95 10
32 96 10
32 97 10
32 98 10
32 99 10
33 34 10
33 35 10
33 36 10
33 37 10
33 38 10
33 39 10
33 40 10
33 41 10
33 42 10
33 43 10
33 44 10
33 45 10
33 46 10
33 47 10
33 48 10
33 49 10
33 50 10
33 51 10
33 52 10
33 53 10
33 54 10
33 55 10
33 56 10
33 57 10
33 58 10
33 59 10
33 60 10
33 61 10
33 62 10
33 63 10
33 64 10
33 65 10
33 66 10
33 67 10
33 68 10
33 69 10
33 70 10
33 71 10
33 72 10
33 73 10
33 74 10
33 75 10
33 76 10
33 77 10
33 78 10
33 79 10
33 80 10
33 81 10
33 82 10
33 83 10
33 84 10
33 85 10
33 86 10
33 87 10
33 88 10
33 89 10
33 90 10
33 91 10
33 92 10
33 93 10
33 94 10
33 95 10
33 96 10
33 97 10
33 98 10
33 99 10
34 35 10
34 36 10
34 37 10
34 38 10
34 39 10
34 40 10
34 41 10
34 42 10
34 43 10
34 44 10
34 45 10
34 46 10
34 47 10
34 48 10
34 49 10
34 50 10
34 51 10
34 52 10
34 53 10
34 54 10
34 55 10
34 56 10
34 57 10
34 58 10
34 59 10
34 60 10
34 61 10
34 62 10
34 63 10
34 64 10
34 65 10
34 66 10
34 67 10
34 68 10
34 69 10
34 70 10
34 71 10
34 72 10
34 73 10
34 74 10
34 75 10
34 76 10
34 77 10
34 78 10
34 79 10
34 80 10
34 81 10
34 82 10
34 83 10
34 84 10
34 85 10
34 86 10
34 87 10
34 88 10
34 89 10
34 90 10
34 91 10
34 92 10
34 93 10
34 94 10
34 95 10
34 96 10
34 97 10
34 98 10
34 99 10
35 36 10
35 37 10
35 38 10
35 39 10
35 40 10
35 41 10
35 42 10
35 43 10
35 44 10
35 45 10
35 46 10
35 47 10
35 48 10
35 49 10
35 50 10
35 51 10
35 52 10
35 53 10
35 54 10
35 55 10
35 56 10
35 57 10
35 58 10
35 59 10
35 60 10
35 61 10
35 62 10
35 63 10
35 64 10
35 65 10
35 66 10
35 67 10
35 68 10
35 69 10
35 70 10
35 71 10
35 72 10
35 73 10
35 74 10
35 75 10
35 76 10
35 77 10
35 78 10
35 79 10
35 80 10
35 81 10
35 82 10
35 83 10
35 84 10
35 85 10
35 86 10
35 87 10
35 88 10
35 89 10
35 90 10
35 91 10
35 92 10
35 93 10
35 94 10
35 95 10
35 96 10
35 97 10
35 98 10
35 99 10
36 37 10
36 38 10
36 39 10
36 40 10
36 41 10
36 42 10
36 43 10
36 44 10
36 45 10
36 46 10
36 47 10
36 48 10
36 49 10
36 50 10
36 51 10
36 52 10
36 53 10
36 54 10
36 55 10
36 56 10
36 57 10
36 58 10
36 59 10
36 60 10
36 61 10
36 62 10
36 63 10
36 64 10
36 65 10
36 66 10
36 67 10
36 68 10
36 69 10
36 70 10
36 71 10
36 72 10
36 73 10
36 74 10
36 75 10
36 76 10
36 77 10
36 78 10
36 79 10
36 80 10
36 81 10
36 82 10
36 83 10
36 84 10
36 85 10
36 86 10
36 87 10
36 88 10
36 89 10
36 90 10
36 91 10
36 92 10
36 93 10
36 94 10
36 95 10
36 96 10
36 97 10
36 98 10
36 99 10
37 38 10
37 39 10
37 40 10
37 41 10
37 42 10
37 43 10
37 44 10
37 45 10
37 46 10
37 47 10
37 48 10
37 49 10
37 50 10
37 51 10
37 52 10
37 53 10
37 54 10
37 55 10
37 56 10
37 57 10
37 58 10
37 59 10
37 60 10
37 61 10
37 62 10
37 63 10
37 64 10
37 65 10
37 66 10
37 67 10
37 68 10
37 69 10
37 70 10
37 71 10
37 72 10
37 73 10
37 74 10
37 75 10
37 76 10
37 77 10
37 78 10
37 79 10
37 80 10
37 81 10
37 82 10
37 83 10
37 84 10
37 85 10
37 86 10
37 87 10
37 88 10
37 89 10
37 90 10
37 91 10
37 92 10
37 93 10
37 94 10
37 95 10
37 96 10
37 97 10
37 98 10
37 99 10
38 39 10
38 40 10
38 41 10
38 42 10
38 43 10
38 44 10
38 45 10
38 46 10
38 47 10
38 48 10
38 49 10
38 50 10
38 51 10
38 52 10
38 53 10
38 54 10
38 55 10
38 56 10
38 57 10
38 58 10
38 59 10
38 60 10
38 61 10
38 62 10
38 63 10
38 64 10
38 65 10
38 66 10
38 67 10
38 68 10
38 69 10
38 70 10
38 71 10
38 72 10
38 73 10
38 74 10
38 75 10
38 76 10
38 77 10
38 78 10
38 79 10
38 80 10
38 81 10
38 82 10
38 83 10
38 84 10
38 85 10
38 86 10
38 87 10
38 88 10
38 89 10
38 90 10
38 91 10
38 92 10
38 93 10
38 94 10
38 95 10
38 96 10
38 97 10
38 98 10
38 99 10
39 40 10
39 41 10
39 42 10
39 43 10
39 44 10
39 45 10
39 46 10
39 47 10
39 48 10
39 49 10
39 50 10
39 51 10
39 52 10
39 53 10
39 54 10
39 55 10
39 56 10
39 57 10
39 58 10
39 59 10
39 60 10
39 61 10
39 62 10
39 63 10
39 64 10
39 65 10
39 66 10
39 67 10
39 68 10
39 69 10
39 70 10
39 71 10
39 72 10
39 73 10
39 74 10
39 75 10
39 76 10
39 77 10
39 78 10
39 79 10
39 80 10
39 81 10
39 82 10
39 83 10
39 84 10
39 85 10
39 86 10
39 87 10
39 88 10
39 89 10
39 90 10
39 91 10
39 92 10
39 93 10
39 94 10
39 95 10
39 96 10
39 97 10
39 98 10
39 99 10
40 41 10
40 42 10
40 43 10
40 44 10
40 45 10
40 46 10
40 47 10
40 48 10
40 49 10
40 50 10
40 51 10
40 52 10
40 53 10
40 54 10
40 55 10
40 56 10
40 57 10
40 58 10
40 59 10
40 60 10
40 61 10
40 62 10
40 63 10
40 64 10
40 65 10
40 66 10
40 67 10
40 68 10
40 69 10
40 70 10
40 71 10
40 72 10
40 73 10
40 74 10
40 75 10
40 76 10
40 77 10
40 78 10
40 79 10
40 80 10
40 81 10
40 82 10
40 83 10
40 84 10
40 85 10
40 86 10
40 87 10
40 88 10
40 89 10
40 90 10
40 91 10
40 92 10
40 93 10
40 94 10
40 95 10
40 96 10
40 97 10
40 98 10
40 99 10
41 42 10
41 43 10
41 44 10
41 45 10
41 46 10
41 47 10
41 48 10
41 49 10
41 50 10
41 51 10
41 52 10
41 53 10
41 54 10
41 55 10
41 56 10
41 57 10
41 58 10
41 59 10
41 60 10
41 61 10
41 62 10
41 63 10
41 64 10
41 65 10
41 66 10
41 67 10
41 68 10
41 69 10
41 70 10
41 71 10
41 72 10
41 73 10
41 74 10
41 75 10
41 76 10
41 77 10
41 78 10
41 79 10
41 80 10
41 81 10
41 82 10
41 83 10
41 84 10
41 85 10
41 86 10
41 87 10
41 88 10
41 89 10
41 90 10
41 91 10
41 92 10
41 93 10
41 94 10
41 95 10
41 96 10
41 97 10
41 98 10
41 99 10
42 43 10
42 44 10
42 45 10
42 46 10
42 47 10
42 48 10
42 49 10
42 50 10
42 51 10
42 52 10
42 53 10
42 54 10
42 55 10
42 56 10
42 57 10
42 58 10
42 59 10
42 60 10
42 61 10
42 62 10
42 63 10
42 64 10
42 65 10
42 66 10
42 67 10
42 68 10
42 69 10
42 70 10
42 71 10
42 72 10
42 73 10
42 74 10
42 75 10
42 76 10
42 77 10
42 78 10
42 79 10
42 80 10
42 81 10
42 82 10
42 83 10
42 84 10
42 85 10
42 86 10
42 87 10
42 88 10
42 89 10
42 90 10
42 91 10
42 92 10
42 93 10
42 94 10
42 95 10
42 96 10
42 97 10
42 98 10
42 99 10
43 44 10
43 45 10
43 46 10
43 47 10
43 48 10
43 49 10
43 50 10
43 51 10
43 52 10
43 53 10
43 54 10
43 55 10
43 56 10
43 57 10
43 58 10
43 59 10
43 60 10
43 61 10
43 62 10
43 63 10
43 64 10
43 65 10
43 66 10
43 67 10
43 68 10
43 69 10
43 70 10
43 71 10
43 72 10
43 73 10
43 74 10
43 75 10
43 76 10
43 77 10
43 78 10
43 79 10
43 80 10
43 81 10
43 82 10
43 83 10
43 84 10
43 85 10
43 86 10
43 87 10
43 88 10
43 89 10
43 90 10
43 91 10
43 92 10
43 93 10
43 94 10
43 95 10
43 96 10
43 97 10
43 98 10
43 99 10
44 45 10
44 46 10
44 47 10
44 48 10
44 49 10
44 50 10
44 51 10
44 52 10
44 53 10
44 54 10
44 55 10
44 56 10
44 57 10
44 58 10
44 59 10
44 60 10
44 61 10
44 62 10
44 63 10
44 64 10
44 65 10
44 66 10
44 67 10
44 68 10
44 69 10
44 70 10
44 71 10
44 72 10
44 73 10
44 74 10
44 75 10
44 76 10
44 77 10
44 78 10
44 79 10
44 80 10
44 81 10
44 82 10
44 83 10
44 84 10
44 85 10
44 86 10
44 87 10
44 88 10
44 89 10
44 90 10
44 91 10
44 92 10
44 93 10
44 94 10
44 95 10
44 96 10
44 97 10
44 98 10
44 99 10
45 46 10
45 47 10
45 48 10
45 49 10
45 50 10
45 51 10
45 52 10
45 53 10
45 54 10
45 55 10
45 56 10
45 57 10
45 58 10
45 59 10
45 60 10
45 61 10
45 62 10
45 63 10
45 64 10
45 65 10
45 66 10
45 67 10
45 68 10
45 69 10
45 70 10
45 71 10
45 72 10
45 73 10
45 74 10
45 75 10
45 76 10
45 77 10
45 78 10
45 79 10
45 80 10
45 81 10
45 82 10
45 83 10
45 84 10
45 85 10
45 86 10
45 87 10
45 88 10
45 89 10
45 90 10
45 91 10
45 92 10
45 93 10
45 94 10
45 95 10
45 96 10
45 97 10
45 98 10
45 99 10
46 47 10
46 48 10
46 49 10
46 50 10
46 51 10
46 52 10
46 53 10
46 54 10
46 55 10
46 56 10
46 57 10
46 58 10
46 59 10
46 60 10
46 61 10
46 62 10
46 63 10
46 64 10
46 65 10
46 66 10
46 67 10
46 68 10
46 69 10
46 70 10
46 71 10
46 72 10
46 73 10
46 74 10
46 75 10
46 76 10
46 77 10
46 78 10
46 79 10
46 80 10
46 81 10
46 82 10
46 83 10
46 84 10
46 85 10
46 86 10
46 87 10
46 88 10
46 89 10
46 90 10
46 91 10
46 92 10
46 93 10
46 94 10
46 95 10
46 96 10
46 97 10
46 98 10
46 99 10
47 48 10
47 49 10
47 50 10
47 51 10
47 52 10
47 53 10
47 54 10
47 55 10
47 56 10
47 57 10
47 58 10
47 59 10
47 60 10
47 61 10
47 62 10
47 63 10
47 64 10
47 65 10
47 66 10
47 67 10
47 68 10
47 69 10
47 70 10
47 71 10
47 72 10
47 73 10
47 74 10
47 75 10
47 76 10
47 77 10
47 78 10
47 79 10
47 80 10
47 81 10
47 82 10
47 83 10
47 84 10
47 85 10
47 86 10
47 87 10
47 88 10
47 89 10
47 90 10
47 91 10
47 92 10
47 93 10
47 94 10
47 95 10
47 96 10
47 97 10
47 98 10
47 99 10
48 49 10
48 50 10
48 51 10
48 52 10
48 53 10
48 54 10
48 55 10
48 56 10
48 57 10
48 58 10
48 59 10
48 60 10
48 61 10
48 62 10
48 63 10
48 64 10
48 65 10
48 66 10
48 67 10
48 68 10
48 69 10
48 70 10
48 71 10
48 72 10
48 73 10
48 74 10
48 75 10
48 76 10
48 77 10
48 78 10
48 79 10
48 80 10
48 81 10
48 82 10
48 83 10
48 84 10
48 85 10
48 86 10
48 87 10
48 88 10
48 89 10
48 90 10
48 91 10
48 92 10
48 93 10
48 94 10
48 95 10
48 96 10
48 97 10
48 98 10
48 99 10
49 50 10
49 51 10
49 52 10
49 53 10
49 54 10
49 55 10
49 56 10
49 57 10
49 58 10
49 59 10
49 60 10
49 61 10
49 62 10
49 63 10
49 64 10
49 65 10
49 66 10
49 67 10
49 68 10
49 69 10
49 70 10
49 71 10
49 72 10
49 73 10
49 74 10
49 75 10
49 76 10
49 77 10
49 78 10
49 79 10
49 80 10
49 81 10
49 82 10
49 83 10
49 84 10
49 85 10
49 86 10
49 87 10
49 88 10
49 89 10
49 90 10
49 91 10
49 92 10
49 93 10
49 94 10
49 95 10
49 96 10
49 97 10
49 98 10
49 99 10
50 51 10
50 52 10
50 53 10
50 54 10
50 55 10
50 56 10
50 57 10
50 58 10
50 59 10
50 60 10
50 61 10
50 62 10
50 63 10
50 64 10
50 65 10
50 66 10
50 67 10
50 68 10
50 69 10
50 70 10
50 71 10
50 72 10
50 73 10
50 74 10
50 75 10
50 76 10
50 77 10
50 78 10
50 79 10
50 80 10
50 81 10
50 82 10
50 83 10
50 84 10
50 85 10
50 86 10
50 87 10
50 88 10
50 89 10
50 90 10
50 91 10
50 92 10
50 93 10
50 94 10
50 95 10
50 96 10
50 97 10
50 98 10
50 99 10
51 52 10
51 53 10
51 54 10
51 55 10
51 56 10
51 57 10
51 58 10
51 59 10
51 60 10
51 61 10
51 62 10
51 63 10
51 64 10
51 65 10
51 66 10
51 67 10
51 68 10
51 69 10
51 70 10
51 71 10
51 72 10
51 73 10
51 74 10
51 75 10
51 76 10
51 77 10
51 78 10
51 79 10
51 80 10
51 81 10
51 82 10
51 83 10
51 84 10
51 85 10
51 86 10
51 87 10
51 88 10
51 89 10
51 90 10
51 91 10
51 92 10
51 93 10
51 94 10
51 95 10
51 96 10
51 97 10
51 98 10
51 99 10
52 53 10
52 54 10
52 55 10
52 56 10
52 57 10
52 58 10
52 59 10
52 60 10
52 61 10
52 62 10
52 63 10
52 64 10
52 65 10
52 66 10
52 67 10
52 68 10
52 69 10
52 70 10
52 71 10
52 72 10
52 73 10
52 74 10
52 75 10
52 76 10
52 77 10
52 78 10
52 79 10
52 80 10
52 81 10
52 82 10
52 83 10
52 84 10
52 85 10
52 86 10
52 87 10
52 88 10
52 89 10
52 90 10
52 91 10
52 92 10
52 93 10
52 94 10
52 95 10
52 96 10
52 97 10
52 98 10
52 99 10
53 54 10
53 55 10
53 56 10
53 57 10
53 58 10
53 59 10
53 60 10
53 61 10
53 62 10
53 63 10
53 64 10
53 65 10
53 66 10
53 67 10
53 68 10
53 69 10
53 70 10
53 71 10
53 72 10
53 73 10
53 74 10
53 75 10
53 76 10
53 77 10
53 78 10
53 79 10
53 80 10
53 81 10
53 82 10
53 83 10
53 84 10
53 85 10
53 86 10
53 87 10
53 88 10
53 89 10
53 90 10
53 91 10
53 92 10
53 93 10
53 94 10
53 95 10
53 96 10
53 97 10
53 98 10
53 99 10
54 55 10
54 56 10
54 57 10
54 58 10
54 59 10
54 60 10
54 61 10
54 62 10
54 63 10
54 64 10
54 65 10
54 66 10
54 67 10
54 68 10
54 69 10
54 70 10
54 71 10
54 72 10
54 73 10
54 74 10
54 75 10
54 76 10
54 77 10
54 78 10
54 79 10
54 80 10
54 81 10
54 82 10
54 83 10
54 84 10
54 85 10
54 86 10
54 87 10
54 88 10
54 89 10
54 90 10
54 91 10
54 92 10
54 93 10
54 94 10
54 95 10
54 96 10
54 97 10
54 98 10
54 99 10
55 56 10
55 57 10
55 58 10
55 59 10
55 60 10
55 61 10
55 62 10
55 63 10
55 64 10
55 65 10
55 66 10
55 67 10
55 68 10
55 69 10
55 70 10
55 71 10
55 72 10
55 73 10
55 74 10
55 75 10
55 76 10
55 77 10
55 78 10
55 79 10
55 80 10
55 81 10
55 82 10
55 83 10
55 84 10
55 85 10
55 86 10
55 87 10
55 88 10
55 89 10
55 90 10
55 91 10
55 92 10
55 93 10
55 94 10
55 95 10
55 96 10
55 97 10
55 98 10
55 99 10
56 57 10
56 58 10
56 59 10
56 60 10
56 61 10
56 62 10
56 63 10
56 64 10
56 65 10
56 66 10
56 67 10
56 68 10
56 69 10
56 70 10
56 71 10
56 72 10
56 73 10
56 74 10
56 75 10
56 76 10
56 77 10
56 78 10
56 79 10
56 80 10
56 81 10
56 82 10
56 83 10
56 84 10
56 85 10
56 86 10
56 87 10
56 88 10
56 89 10
56 90 10
56 91 10
56 92 10
56 93 10
56 94 10
56 95 10
56 96 10
56 97 10
56 98 10
56 99 10
57 58 10
57 59 10
57 60 10
57 61 10
57 62 10
57 63 10
57 64 10
57 65 10
57 66 10
57 67 10
57 68 10
57 69 10
57 70 10
57 71 10
57 72 10
57 73 10
57 74 10
57 75 10
57 76 10
57 77 10
57 78 10
57 79 10
57 80 10
57 81 10
57 82 10
57 83 10
57 84 10
57 85 10
57 86 10
57 87 10
57 88 10
57 89 10
57 90 10
57 91 10
57 92 10
57 93 10
57 94 10
57 95 10
57 96 10
57 97 10
57 98 10
57 99 10
58 59 10
58 60 10
58 61 10
58 62 10
58 63 10
58 64 10
58 65 10
58 66 10
58 67 10
58 68 10
58 69 10
58 70 10
58 71 10
58 72 10
58 73 10
58 74 10
58 75 10
58 76 10
58 77 10
58 78 10
58 79 10
58 80 10
58 81 10
58 82 10
58 83 10
58 84 10
58 85 10
58 86 10
58 87 10
58 88 10
58 89 10
58 90 10
58 91 10
58 92 10
58 93 10
58 94 10
58 95 10
58 96 10
58 97 10
58 98 10
58 99 10
59 60 10
59 61 10
59 62 10
59 63 10
59 64 10
59 65 10
59 66 10
59 67 10
59 68 10
59 69 10
59 70 10
59 71 10
59 72 10
59 73 10
59 74 10
59 75 10
59 76 10
59 77 10
59 78 10
59 79 10
59 80 10
59 81 10
59 82 10
59 83 10
59 84 10
59 85 10
59 86 10
59 87 10
59 88 10
59 89 10
59 90 10
59 91 10
59 92 10
59 93 10
59 94 10
59 95 10
59 96 10
59 97 10
59 98 10
59 99 10
60 61 10
60 62 10
60 63 10
60 64 10
60 65 10
60 66 10
60 67 10
60 68 10
60 69 10
60 70 10
60 71 10
60 72 10
60 73 10
60 74 10
60 75 10
60 76 10
60 77 10
60 78 10
60 79 10
60 80 10
60 81 10
60 82 10
60 83 10
60 84 10
60 85 10
60 86 10
60 87 10
60 88 10
60 89 10
60 90 10
60 91 10
60 92 10
60 93 10
60 94 10
60 95 10
60 96 10
60 97 10
60 98 10
60 99 10
61 62 10
61 63 10
61 64 10
61 65 10
61 66 10
61 67 10
61 68 10
61 69 10
61 70 10
61 71 10
61 72 10
61 73 10
61 74 10
61 75 10
61 76 10
61 77 10
61 78 10
61 79 10
61 80 10
61 81 10
61 82 10
61 83 10
61 84 10
61 85 10
61 86 10
61 87 10
61 88 10
61 89 10
61 90 10
61 91 10
61 92 10
61 93 10
61 94 10
61 95 10
61 96 10
61 97 10
61 98 10
61 99 10
62 63 10
62 64 10
62 65 10
62 66 10
62 67 10
62 68 10
62 69 10
62 70 10
62 71 10
62 72 10
62 73 10
62 74 10
62 75 10
62 76 10
62 77 10
62 78 10
62 79 10
62 80 10
62 81 10
62 82 10
62 83 10
62 84 10
62 85 10
62 86 10
62 87 10
62 88 10
62 89 10
62 90 10
62 91 10
62 92 10
62 93 10
62 94 10
62 95 10
62 96 10
62 97 10
62 98 10
62 99 10
63 64 10
63 65 10
63 66 10
63 67 10
63 68 10
63 69 10
63 70 10
63 71 10
63 72 10
63 73 10
63 74 10
63 75 10
63 76 10
63 77 10
63 78 10
63 79 10
63 80 10
63 81 10
63 82 10
63 83 10
63 84 10
63 85 10
63 86 10
63 87 10
63 88 10
63 89 10
63 90 10
63 91 10
63 92 10
63 93 10
63 94 10
63 95 10
63 96 10
63 97 10
63 98 10
63 99 10
64 65 10
64 66 10
64 67 10
64 68 10
64 69 10
64 70 10
64 71 10
64 72 10
64 73 10
64 74 10
64 75 10
64 76 10
64 77 10
64 78 10
64 79 10
64 80 10
64 81 10
64 82 10
64 83 10
64 84 10
64 85 10
64 86 10
64 87 10
64 88 10
64 89 10
64 90 10
64 91 10
64 92 10
64 93 10
64 94 10
64 95 10
64 96 10
64 97 10
64 98 10
64 99 10
65 66 10
65 67 10
65 68 10
65 69 10
65 70 10
65 71 10
65 72 10
65 73 10
65 74 10
65 75 10
65 76 10
65 77 10
65 78 10
65 79 10
65 80 10
65 81 10
65 82 10
65 83 10
65 84 10
65 85 10
65 86 10
65 87 10
65 88 10
65 89 10
65 90 10
65 91 10
65 92 10
65 93 10
65 94 10
65 95 10
65 96 10
65 97 10
65 98 10
65 99 10
66 67 10
66 68 10
66 69 10
66 70 10
66 71 10
66 72 10
66 73 10
66 74 10
66 75 10
66 76 10
66 77 10
66 78 10
66 79 10
66 80 10
66 81 10
66 82 10
66 83 10
66 84 10
66 85 10
66 86 10
66 87 10
66 88 10
66 89 10
66 90 10
66 91 10
66 92 10
66 93 10
66 94 10
66 95 10
66 96 10
66 97 10
66 98 10
66 99 10
67 68 10
67 69 10
67 70 10
67 71 10
67 72 10
67 73 10
67 74 10
67 75 10
67 76 10
67 77 10
67 78 10
67 79 10
67 80 10
67 81 10
67 82 10
67 83 10
67 84 10
67 85 10
67 86 10
67 87 10
67 88 10
67 89 10
67 90 10
67 91 10
67 92 10
67 93 10
67 94 10
67 95 10
67 96 10
67 97 10
67 98 10
67 99 10
68 69 10
68 70 10
68 71 10
68 72 10
68 73 10
68 74 10
68 75 10
68 76 10
68 77 10
68 78 10
68 79 10
68 80 10
68 81 10
68 82 10
68 83 10
68 84 10
68 85 10
68 86 10
68 87 10
68 88 10
68 89 10
68 90 10
68 91 10
68 92 10
68 93 10
68 94 10
68 95 10
68 96 10
68 97 10
68 98 10
68 99 10
69 70 10
69 71 10
69 72 10
69 73 10
69 74 10
69 75 10
69 76 10
69 77 10
69 78 10
69 79 10
69 80 10
69 81 10
69 82 10
69 83 10
69 84 10
69 85 10
69 86 10
69 87 10
69 88 10
69 89 10
69 90 10
69 91 10
69 92 10
69 93 10
69 94 10
69 95 10
69 96 10
69 97 10
69 98 10
69 99 10
70 71 10
70 72 10
70 73 10
70 74 10
70 75 10
70 76 10
70 77 10
70 78 10
70 79 10
70 80 10
70 81 10
70 82 10
70 83 10
70 84 10
70 85 10
70 86 10
70 87 10
70 88 10
70 89 10
70 90 10
70 91 10
70 92 10
70 93 10
70 94 10
70 95 10
70 96 10
70 97 10
70 98 10
70 99 10
71 72 10
71 73 10
71 74 10
71 75 10
71 76 10
71 77 10
71 78 10
71 79 10
71 80 10
71 81 10
71 82 10
71 83 10
71 84 10
71 85 10
71 86 10
71 87 10
71 88 10
71 89 10
71 90 10
71 91 10
71 92 10
71 93 10
71 94 10
71 95 10
71 96 10
71 97 10
71 98 10
71 99 10
72 73 10
72 74 10
72 75 10
72 76 10
72 77 10
72 78 10
72 79 10
72 80 10
72 81 10
72 82 10
72 83 10
72 84 10
72 85 10
72 86 10
72 87 10
72 88 10
72 89 10
72 90 10
72 91 10
72 92 10
72 93 10
72 94 10
72 95 10
72 96 10
72 97 10
72 98 10
72 99 10
73 74 10
73 75 10
73 76 10
73 77 10
73 78 10
73 79 10
73 80 10
73 81 10
73 82 10
73 83 10
73 84 10
73 85 10
73 86 10
73 87 10
73 88 10
73 89 10
73 90 10
73 91 10
73 92 10
73 93 10
73 94 10
73 95 10
73 96 10
73 97 10
73 98 10
73 99 10
74 75 10
74 76 10
74 77 10
74 78 10
74 79 10
74 80 10
74 81 10
74 82 10
74 83 10
74 84 10
74 85 10
74 86 10
74 87 10
74 88 10
74 89 10
74 90 10
74 91 10
74 92 10
74 93 10
74 94 10
74 95 10
74 96 10
74 97 10
74 98 10
74 99 10
75 76 10
75 77 10
75 78 10
75 79 10
75 80 10
75 81 10
75 82 10
75 83 10
75 84 10
75 85 10
75 86 10
75 87 10
75 88 10
75 89 10
75 90 10
75 91 10
75 92 10
75 93 10
75 94 10
75 95 10
75 96 10
75 97 10
75 98 10
75 99 10
76 77 10
76 78 10
76 79 10
76 80 10
76 81 10
76 82 10
76 83 10
76 84 10
76 85 10
76 86 10
76 87 10
76 88 10
76 89 10
76 90 10
76 91 10
76 92 10
76 93 10
76 94 10
76 95 10
76 96 10
76 97 10
76 98 10
76 99 10
77 78 10
77 79 10
77 80 10
77 81 10
77 82 10
77 83 10
77 84 10
77 85 10
77 86 10
77 87 10
77 88 10
77 89 10
77 90 10
77 91 10
77 92 10
77 93 10
77 94 10
77 95 10
77 96 10
77 97 10
77 98 10
77 99 10
78 79 10
78 80 10
78 81 10
78 82 10
78 83 10
78 84 10
78 85 10
78 86 10
78 87 10
78 88 10
78 89 10
78 90 10
78 91 10
78 92 10
78 93 10
78 94 10
78 95 10
78 96 10
78 97 10
78 98 10
78 99 10
79 80 10
79 81 10
79 82 10
79 83 10
79 84 10
79 85 10
79 86 10
79 87 10
79 88 10
79 89 10
79 90 10
79 91 10
79 92 10
79 93 10
79 94 10
79 95 10
79 96 10
79 97 10
79 98 10
79 99 10
80 81 10
80 82 10
80 83 10
80 84 10
80 85 10
80 86 10
80 87 10
80 88 10
80 89 10
80 90 10
80 91 10
80 92 10
80 93 10
80 94 10
80 95 10
80 96 10
80 97 10
80 98 10
80 99 10
81 82 10
81 83 10
81 84 10
81 85 10
81 86 10
81 87 10
81 88 10
81 89 10
81 90 10
81 91 10
81 92 10
81 93 10
81 94 10
81 95 10
81 96 10
81 97 10
81 98 10
81 99 10
82 83 10
82 84 10
82 85 10
82 86 10
82 87 10
82 88 10
82 89 10
82 90 10
82 91 10
82 92 10
82 93 10
82 94 10
82 95 10
82 96 10
82 97 10
82 98 10
82 99 10
83 84 10
83 85 10
83 86 10
83 87 10
83 88 10
83 89 10
83 90 10
83 91 10
83 92 10
83 93 10
83 94 10
83 95 10
83 96 10
83 97 10
83 98 10
83 99 10
84 85 10
84 86 10
84 87 10
84 88 10
84 89 10
84 90 10
84 91 10
84 92 10
84 93 10
84 94 10
84 95 10
84 96 10
84 97 10
84 98 10
84 99 10
85 86 10
85 87 10
85 88 10
85 89 10
85 90 10
85 91 10
85 92 10
85 93 10
85 94 10
85 95 10
85 96 10
85 97 10
85 98 10
85 99 10
86 87 10
86 88 10
86 89 10
86 90 10
86 91 10
86 92 10
86 93 10
86 94 10
86 95 10
86 96 10
86 97 10
86 98 10
86 99 10
87 88 10
87 89 10
87 90 10
87 91 10
87 92 10
87 93 10
87 94 10
87 95 10
87 96 10
87 97 10
87 98 10
87 99 10
88 89 10
88 90 10
88 91 10
88 92 10
88 93 10
88 94 10
88 95 10
88 96 10
88 97 10
88 98 10
88 99 10
89 90 10
89 91 10
89 92 10
89 93 10
89 94 10
89 95 10
89 96 10
89 97 10
89 98 10
89 99 10
90 91 10
90 92 10
90 93 10
90 94 10
90 95 10
90 96 10
90 97 10
90 98 10
90 99 10
91 92 10
91 93 10
91 94 10
91 95 10
91 96 10
91 97 10
91 98 10
91 99 10
92 93 10
92 94 10
92 95 10
92 96 10
92 97 10
92 98 10
92 99 10
93 94 10
93 95 10
93 96 10
93 97 10
93 98 10
93 99 10
94 95 10
94 96 10
94 97 10
94 98 10
94 99 10
95 96 10
95 97 10
95 98 10
95 99 10
96 97 10
96 98 10
96 99 10
97 98 10
97 99 10
98 99 10